0 0.75625 0.834375 0.0125 0.00625
0 0.75625 0.515625 0.0125 0.00625
0 0.48125 0.440625 0.0125 0.00625
0 0.43125 0.440625 0.0125 0.00625
0 0.50625 0.428125 0.0125 0.00625
0 0.54375 0.4125 0.0125 0.0125
0 0.53125 0.396875 0.0125 0.00625
0 0.41875 0.396875 0.0125 0.00625
0 0.46875 0.390625 0.0625 0.00625
0 0.5 0.5 1.0 1.0
1 0.50625 0.103125 0.2125 0.06875
2 0.51875 0.15625 0.1375 0.1
3 0.425 0.375 0.775 0.35
4 0.56875 0.9125 0.1125 0.0625
4 0.7625 0.865625 0.1 0.06875
6 0.025 0.421875 0.05 0.03125
6 0.475 0.41875 0.125 0.05
7 0.60625 0.7 0.4125 0.3625
